6

1 9 5 7 4 3
0,11111111 1 0,2 0,33333333 0,1666666 0,14285714
0,2 5 1 3 0,5 0,333333333
0,142857 3 0,3333333 1 0,25 0,2
0,25 6 2 4 1 0,5
0,33333333 7 3 5 2 1

4

1 7 0,5 8
0,142857 1 0,125 2
2 8 1 9
0,125 0,5 0,11111111111111 1

1 4 0,166666666666 1
0,25 1 0,111111111 0,25
6 9 1 6
1 4 0,166666666666 1

1 0,2 3 0,142857
5 1 7 0,3333333333
0,33333333 0,142857 1 0,1111111111
7 3 9 1

1 5 0,2 0,2
0,2 1 0,1111111 0,1111111
5 9 1 1
5 9 1 1

1 5 7 1
0,2 1 3 0,2
0,142857 0,333333 1 0,142857
1 5 7 1

1 0,2 3 0,142857
5 1 7 0,33333333
0,3333333 0,142857 1 0,111111111
7 3 9 1

//Посредник1, Посредник2, Изготовитель, Посредник3
